---
startPose:
  x: -33.5
  y: -24.25
  heading: 1.5707963267948966
startTangent: -1.5707963267948966
waypoints:
- position:
    x: 34.0
    y: -50.0
  heading: 0.0
  tangent: 0.0
  interpolationType: "SPLINE"
resolution: 0.25
version: 1
