---
startPose:
  x: 0.0
  y: -52.0
  heading: -1.5707963267948966
startTangent: 0.0
waypoints:
- position:
    x: 0.0
    y: -36.0
  heading: 0.0
  tangent: -1.5707963267948966
  interpolationType: "TANGENT"
- position:
    x: -33.5
    y: -36.0
  heading: 1.5707963267948966
  tangent: 1.5707963267948966
  interpolationType: "SPLINE"
resolution: 0.25
version: 1
