---
startPose:
  x: 12.0
  y: -36.0
  heading: 0.0
startTangent: 0.0
waypoints:
- position:
    x: -36.0
    y: -32.0
  heading: 1.5707963267948966
  tangent: 1.5707963267948966
  interpolationType: "SPLINE"
resolution: 0.25
version: 1
